Reacoes de apoio [N]
[[3900.10306378]
 [2899.87680356]
 [1599.86306373]]

Deslocamentos [m]
[[ 0.        ]
 [ 0.        ]
 [ 0.00100461]
 [-0.00431138]
 [ 0.0003597 ]
 [-0.00466275]
 [ 0.00025966]
 [-0.00443891]
 [ 0.00055848]
 [-0.00463723]
 [-0.00032433]
 [-0.00424746]
 [ 0.00116435]
 [ 0.        ]]

Deformacoes []
[[-6.39488913e-06]
 [-4.49289667e-06]
 [-3.77617714e-06]
 [-3.52806261e-06]
 [-7.55507581e-07]
 [ 7.55469246e-07]
 [ 1.91118456e-06]
 [-1.91125630e-06]
 [ 1.87345034e-06]
 [ 1.03527879e-06]
 [ 3.15559513e-06]]

Forcas internas [N]
[[-6484.32165913]
 [-4555.72982534]
 [-3828.98698068]
 [-3577.40256519]
 [ -766.07335498]
 [  766.03448319]
 [ 1937.91247358]
 [-1937.9852185 ]
 [ 1899.65054334]
 [ 1049.75715899]
 [ 3199.72612746]]

Tensoes internas [Pa]
[[-1235.10888745]
 [ -867.75806197]
 [ -729.33085346]
 [ -681.41001242]
 [ -145.91873428]
 [  145.91133013]
 [  369.12618544]
 [ -369.14004162]
 [  361.83819873]
 [  199.95374457]
 [  609.47164333]]